# Made in Blockbench 4.11.1
mtllib template_model.mtl

o headwear
v 0.036686877196427714 1.5470390448502953 -0.28854615822158375
v -0.11974347068380026 1.2822706982461716 -0.7595382164333857
v 0.2590632889398372 1.0686099834054201 -0.09345485994023711
v 0.1026329410596093 0.8038416368012964 -0.5644469181520391
v -0.6121706508456963 1.1503252329906566 -0.5218154442042422
v -0.4557403029654684 1.4150935795947803 -0.05082338599244035
v -0.38979423910228683 0.6718961715457814 -0.32672414592289556
v -0.23336389122205892 0.9366645181499051 0.14426791228890634
vt 0.625 0.875
vt 0.75 0.875
vt 0.75 0.75
vt 0.625 0.75
vt 0.5 0.875
vt 0.625 0.875
vt 0.625 0.75
vt 0.5 0.75
vt 0.875 0.875
vt 1 0.875
vt 1 0.75
vt 0.875 0.75
vt 0.75 0.875
vt 0.875 0.875
vt 0.875 0.75
vt 0.75 0.75
vt 0.75 0.875
vt 0.625 0.875
vt 0.625 1
vt 0.75 1
vt 0.875 1
vt 0.75 1
vt 0.75 0.875
vt 0.875 0.875
vn -0.27809839623151633 -0.4706992828517756 -0.837319214598759
vn 0.8754260980655932 0.23456971600980447 -0.4226182617406995
vn 0.27809839623151633 0.4706992828517756 0.837319214598759
vn -0.8754260980655932 -0.23456971600980447 0.4226182617406995
vn -0.39533584309939473 0.8505405536797783 -0.346828974722394
vn 0.39533584309939473 -0.8505405536797783 0.346828974722394
usemtl m_711baa8b-e285-70ee-fc17-d4397ecf5eae
f 4/4/1 7/3/1 5/2/1 2/1/1
f 3/8/2 4/7/2 2/6/2 1/5/2
f 8/12/3 3/11/3 1/10/3 6/9/3
f 7/16/4 8/15/4 6/14/4 5/13/4
f 6/20/5 1/19/5 2/18/5 5/17/5
f 7/24/6 4/23/6 3/22/6 8/21/6
o head
v 0.012993481846499177 1.4984199963333782 -0.2906671575383233
v -0.12605571626925904 1.2630703549074904 -0.7093267648377027
v 0.21066140339619643 1.073149719493489 -0.11725267017712626
v 0.07161220528043832 0.8378000780676012 -0.5359122774765057
v -0.5637687653020556 1.145785496902588 -0.49801763396735294
v -0.42471956718629733 1.3811351383284758 -0.07935802666797354
v -0.3661008437523582 0.720515220062699 -0.3246031466061559
v -0.22705164563660007 0.9558648614885867 0.09405646069322349
vt 0.125 0.875
vt 0.25 0.875
vt 0.25 0.75
vt 0.125 0.75
vt 0 0.875
vt 0.125 0.875
vt 0.125 0.75
vt 0 0.75
vt 0.375 0.875
vt 0.5 0.875
vt 0.5 0.75
vt 0.375 0.75
vt 0.25 0.875
vt 0.375 0.875
vt 0.375 0.75
vt 0.25 0.75
vt 0.25 0.875
vt 0.125 0.875
vt 0.125 1
vt 0.25 1
vt 0.375 1
vt 0.25 1
vt 0.25 0.875
vt 0.375 0.875
vn -0.27809839623151633 -0.4706992828517756 -0.837319214598759
vn 0.8754260980655932 0.23456971600980447 -0.4226182617406995
vn 0.27809839623151633 0.4706992828517756 0.837319214598759
vn -0.8754260980655932 -0.23456971600980447 0.4226182617406995
vn -0.39533584309939473 0.8505405536797783 -0.346828974722394
vn 0.39533584309939473 -0.8505405536797783 0.346828974722394
usemtl m_711baa8b-e285-70ee-fc17-d4397ecf5eae
f 12/28/7 15/27/7 13/26/7 10/25/7
f 11/32/8 12/31/8 10/30/8 9/29/8
f 16/36/9 11/35/9 9/34/9 14/33/9
f 15/40/10 16/39/10 14/38/10 13/37/10
f 14/44/11 9/43/11 10/42/11 13/41/11
f 15/48/12 12/47/12 11/46/12 16/45/12
o body
v 0.14115921194456083 1.0332265645524128 -0.22113095635393865
v 0.1484820445441506 0.8889115831595713 -0.4251396872168657
v 0.2847656661931117 0.43470666832656857 0.20741439727851363
v 0.2920884987927015 0.2903916869337271 0.0034056664155864835
v -0.34204808655105284 0.8024178861970266 -0.3815618158430366
v -0.34937091915064256 0.9467328675898681 -0.17755308498010952
v -0.19844163230250195 0.20389798997118236 0.04698353778941555
v -0.2057644649020916 0.34821297136402374 0.2509922686523427
vt 0.3125 0.6875
vt 0.4375 0.6875
vt 0.4375 0.5
vt 0.3125 0.5
vt 0.25 0.6875
vt 0.3125 0.6875
vt 0.3125 0.5
vt 0.25 0.5
vt 0.5 0.6875
vt 0.625 0.6875
vt 0.625 0.5
vt 0.5 0.5
vt 0.4375 0.6875
vt 0.5 0.6875
vt 0.5 0.5
vt 0.4375 0.5
vt 0.4375 0.6875
vt 0.3125 0.6875
vt 0.3125 0.75
vt 0.4375 0.75
vt 0.5625 0.75
vt 0.4375 0.75
vt 0.4375 0.6875
vt 0.5625 0.6875
vn 0.02929133039835872 -0.5772599255713657 -0.8160349234517085
vn 0.9810602621904069 0.17298739392508947 -0.0871557427476582
vn -0.02929133039835872 0.5772599255713657 0.8160349234517085
vn -0.9810602621904069 -0.17298739392508947 0.0871557427476582
vn -0.19147527233140116 0.7980265283011255 -0.5713938048432697
vn 0.19147527233140116 -0.7980265283011255 0.5713938048432697
usemtl m_711baa8b-e285-70ee-fc17-d4397ecf5eae
f 20/52/13 23/51/13 21/50/13 18/49/13
f 19/56/14 20/55/14 18/54/14 17/53/14
f 24/60/15 19/59/15 17/58/15 22/57/15
f 23/64/16 24/63/16 22/62/16 21/61/16
f 22/68/17 17/67/17 18/66/17 21/65/17
f 23/72/18 20/71/18 19/70/18 24/69/18
o jacket
v 0.1530388003736336 1.05741834342425 -0.21867024735611396
v 0.16127698704817184 0.8950639893573034 -0.4481800695769069
v 0.3026288568825406 0.4339601181889956 0.22773116267769045
v 0.31086704355707906 0.27160576412204906 -0.0017786595431025232
v -0.3599112772404817 0.8031644363345996 -0.40187858124221354
v -0.3681494639150201 0.9655187904015461 -0.17236875902142051
v -0.2103212207315746 0.17970621109934526 0.04452282879159086
v -0.21855940740611296 0.3420605651662919 0.27403265101238383
vt 0.3125 0.4375
vt 0.4375 0.4375
vt 0.4375 0.25
vt 0.3125 0.25
vt 0.25 0.4375
vt 0.3125 0.4375
vt 0.3125 0.25
vt 0.25 0.25
vt 0.5 0.4375
vt 0.625 0.4375
vt 0.625 0.25
vt 0.5 0.25
vt 0.4375 0.4375
vt 0.5 0.4375
vt 0.5 0.25
vt 0.4375 0.25
vt 0.4375 0.4375
vt 0.3125 0.4375
vt 0.3125 0.5
vt 0.4375 0.5
vt 0.5625 0.5
vt 0.4375 0.5
vt 0.4375 0.4375
vt 0.5625 0.4375
vn 0.02929133039835872 -0.5772599255713657 -0.8160349234517085
vn 0.9810602621904069 0.17298739392508947 -0.0871557427476582
vn -0.02929133039835872 0.5772599255713657 0.8160349234517085
vn -0.9810602621904069 -0.17298739392508947 0.0871557427476582
vn -0.19147527233140116 0.7980265283011255 -0.5713938048432697
vn 0.19147527233140116 -0.7980265283011255 0.5713938048432697
usemtl m_711baa8b-e285-70ee-fc17-d4397ecf5eae
f 28/76/19 31/75/19 29/74/19 26/73/19
f 27/80/20 28/79/20 26/78/20 25/77/20
f 32/84/21 27/83/21 25/82/21 30/81/21
f 31/88/22 32/87/22 30/86/22 29/85/22
f 30/92/23 25/91/23 26/90/23 29/89/23
f 31/96/24 28/95/24 27/94/24 32/93/24
o right_arm
v 0.4078537563273509 0.7619353181898092 -0.19374734649517045
v 0.3936004057862019 1.000028310240803 -0.26863772728306956
v 0.4896141382459026 0.5426975896281909 -0.9063131738568777
v 0.47536078770475354 0.7807905816791847 -0.9812035546447768
v 0.1454994366596758 0.9783222880324367 -0.2904266629699841
v 0.15975278720082486 0.7402292959814429 -0.21553628218208498
v 0.22725981857822752 0.7590845594708184 -1.0029924903316914
v 0.2415131691193766 0.5209915674198247 -0.9281021095437922
vt 0.6875 0.6875
vt 0.75 0.6875
vt 0.75 0.5
vt 0.6875 0.5
vt 0.625 0.6875
vt 0.6875 0.6875
vt 0.6875 0.5
vt 0.625 0.5
vt 0.8125 0.6875
vt 0.875 0.6875
vt 0.875 0.5
vt 0.8125 0.5
vt 0.75 0.6875
vt 0.8125 0.6875
vt 0.8125 0.5
vt 0.75 0.5
vt 0.75 0.6875
vt 0.6875 0.6875
vt 0.6875 0.75
vt 0.75 0.75
vt 0.8125 0.75
vt 0.75 0.75
vt 0.75 0.6875
vt 0.8125 0.6875
vn -0.057013402164596244 0.9523719682039753 -0.29956152315159656
vn 0.9924038765061042 0.08682408883346518 0.08715574274765818
vn 0.057013402164596244 -0.9523719682039753 0.29956152315159656
vn -0.9924038765061042 -0.08682408883346518 -0.08715574274765818
vn -0.10901384255806888 0.29231697141549107 0.9500877698156099
vn 0.10901384255806888 -0.29231697141549107 -0.9500877698156099
usemtl m_711baa8b-e285-70ee-fc17-d4397ecf5eae
f 36/100/25 39/99/25 37/98/25 34/97/25
f 35/104/26 36/103/26 34/102/26 33/101/26
f 40/108/27 35/107/27 33/106/27 38/105/27
f 39/112/28 40/111/28 38/110/28 37/109/28
f 38/116/29 33/115/29 34/114/29 37/113/29
f 39/120/30 36/119/30 35/118/30 40/117/30
o right_sleeve
v 0.42254756001661076 0.752978585253012 -0.17285976781212564
v 0.40651254065781806 1.02083320131038 -0.2571114461985121
v 0.5077146245151021 0.5246059513346597 -0.9151158379805707
v 0.4916796051563094 0.7924605673920277 -0.9993675163669573
v 0.12739895039047633 0.9964139263259679 -0.28162399884629097
v 0.14343396974926903 0.7285593102685999 -0.1973723204599045
v 0.21256601488896765 0.7680412924076157 -1.0238800690147363
v 0.22860103424776035 0.5001866763502476 -0.9396283906283496
vt 0.6875 0.4375
vt 0.75 0.4375
vt 0.75 0.25
vt 0.6875 0.25
vt 0.625 0.4375
vt 0.6875 0.4375
vt 0.6875 0.25
vt 0.625 0.25
vt 0.8125 0.4375
vt 0.875 0.4375
vt 0.875 0.25
vt 0.8125 0.25
vt 0.75 0.4375
vt 0.8125 0.4375
vt 0.8125 0.25
vt 0.75 0.25
vt 0.75 0.4375
vt 0.6875 0.4375
vt 0.6875 0.5
vt 0.75 0.5
vt 0.8125 0.5
vt 0.75 0.5
vt 0.75 0.4375
vt 0.8125 0.4375
vn -0.057013402164596244 0.9523719682039753 -0.29956152315159656
vn 0.9924038765061042 0.08682408883346518 0.08715574274765818
vn 0.057013402164596244 -0.9523719682039753 0.29956152315159656
vn -0.9924038765061042 -0.08682408883346518 -0.08715574274765818
vn -0.10901384255806888 0.29231697141549107 0.9500877698156099
vn 0.10901384255806888 -0.29231697141549107 -0.9500877698156099
usemtl m_711baa8b-e285-70ee-fc17-d4397ecf5eae
f 44/124/31 47/123/31 45/122/31 42/121/31
f 43/128/32 44/127/32 42/126/32 41/125/32
f 48/132/33 43/131/33 41/130/33 46/129/33
f 47/136/34 48/135/34 46/134/34 45/133/34
f 46/140/35 41/139/35 42/138/35 45/137/35
f 47/144/36 44/143/36 43/142/36 48/141/36
o left_arm
v -0.20036246319286904 1.0169891946802108 -0.17724411660029332
v -0.25336044392967133 0.7811274713267646 -0.11352236603924859
v -0.29054215512821524 1.2299991170253572 0.536194315322855
v -0.3435401358650175 0.9941373936719113 0.5999160658838998
v -0.4958220215279099 0.8238799892424733 -0.15693441045598117
v -0.4428240407911076 1.0597417125959194 -0.2206561610170259
v -0.586001713463256 1.0368899115876198 0.5565040214671673
v -0.5330037327264537 1.272751634941066 0.4927822709061226
vt 0.5625 0.1875
vt 0.625 0.1875
vt 0.625 0
vt 0.5625 0
vt 0.5 0.1875
vt 0.5625 0.1875
vt 0.5625 0
vt 0.5 0
vt 0.6875 0.1875
vt 0.75 0.1875
vt 0.75 0
vt 0.6875 0
vt 0.625 0.1875
vt 0.6875 0.1875
vt 0.6875 0
vt 0.625 0
vt 0.625 0.1875
vt 0.5625 0.1875
vt 0.5625 0.25
vt 0.625 0.25
vt 0.6875 0.25
vt 0.625 0.25
vt 0.625 0.1875
vt 0.6875 0.1875
vn -0.21199192294720914 -0.9434468934137845 0.254887002244179
vn 0.9698463103929543 -0.17101007166283436 0.17364817766693033
vn 0.21199192294720914 0.9434468934137845 -0.254887002244179
vn -0.9698463103929543 0.17101007166283436 -0.17364817766693033
vn 0.12023958924712827 -0.2840132297935287 -0.9512512425641979
vn -0.12023958924712827 0.2840132297935287 0.9512512425641979
usemtl m_711baa8b-e285-70ee-fc17-d4397ecf5eae
f 52/148/37 55/147/37 53/146/37 50/145/37
f 51/152/38 52/151/38 50/150/38 49/149/38
f 56/156/39 51/155/39 49/154/39 54/153/39
f 55/160/40 56/159/40 54/158/40 53/157/40
f 54/164/41 49/163/41 50/162/41 53/161/41
f 55/168/42 52/167/42 51/166/42 56/165/42
o left_sleeve
v -0.18001749721494265 1.0246208133045456 -0.19337677389937846
v -0.23964022554384518 0.7592763745319187 -0.1216898045182031
v -0.2739546763142615 1.2465061490807399 0.5497882593539014
v -0.3335774046431641 0.9811617103081129 0.6214752287350767
v -0.5124095003418635 0.8073729571870907 -0.1705283544870273
v -0.45278677201296097 1.0727173959597176 -0.2422153238682026
v -0.6063466794411825 1.0292582929632852 0.5726366787662525
v -0.5467239511122799 1.2946027317359121 0.5009497093850772
vt 0.8125 0.1875
vt 0.875 0.1875
vt 0.875 0
vt 0.8125 0
vt 0.75 0.1875
vt 0.8125 0.1875
vt 0.8125 0
vt 0.75 0
vt 0.9375 0.1875
vt 1 0.1875
vt 1 0
vt 0.9375 0
vt 0.875 0.1875
vt 0.9375 0.1875
vt 0.9375 0
vt 0.875 0
vt 0.875 0.1875
vt 0.8125 0.1875
vt 0.8125 0.25
vt 0.875 0.25
vt 0.9375 0.25
vt 0.875 0.25
vt 0.875 0.1875
vt 0.9375 0.1875
vn -0.21199192294720914 -0.9434468934137845 0.254887002244179
vn 0.9698463103929543 -0.17101007166283436 0.17364817766693033
vn 0.21199192294720914 0.9434468934137845 -0.254887002244179
vn -0.9698463103929543 0.17101007166283436 -0.17364817766693033
vn 0.12023958924712827 -0.2840132297935287 -0.9512512425641979
vn -0.12023958924712827 0.2840132297935287 0.9512512425641979
usemtl m_711baa8b-e285-70ee-fc17-d4397ecf5eae
f 60/172/43 63/171/43 61/170/43 58/169/43
f 59/176/44 60/175/44 58/174/44 57/173/44
f 64/180/45 59/179/45 57/178/45 62/177/45
f 63/184/46 64/183/46 62/182/46 61/181/46
f 62/188/47 57/187/47 58/186/47 61/185/47
f 63/192/48 60/191/48 59/190/48 64/189/48
o right_leg
v 0.3125 0.3125 0.1875
v 0.3125 0.3125 -0.0625
v 0.3125 -0.4375 0.1875
v 0.3125 -0.4375 -0.0625
v 0.0625 0.3125 -0.0625
v 0.0625 0.3125 0.1875
v 0.0625 -0.4375 -0.0625
v 0.0625 -0.4375 0.1875
vt 0.0625 0.6875
vt 0.125 0.6875
vt 0.125 0.5
vt 0.0625 0.5
vt 0 0.6875
vt 0.0625 0.6875
vt 0.0625 0.5
vt 0 0.5
vt 0.1875 0.6875
vt 0.25 0.6875
vt 0.25 0.5
vt 0.1875 0.5
vt 0.125 0.6875
vt 0.1875 0.6875
vt 0.1875 0.5
vt 0.125 0.5
vt 0.125 0.6875
vt 0.0625 0.6875
vt 0.0625 0.75
vt 0.125 0.75
vt 0.1875 0.75
vt 0.125 0.75
vt 0.125 0.6875
vt 0.1875 0.6875
vn 0 0 -1
vn 1 0 0
vn 0 0 1
vn -1 0 0
vn 0 1 0
vn 0 -1 0
usemtl m_711baa8b-e285-70ee-fc17-d4397ecf5eae
f 68/196/49 71/195/49 69/194/49 66/193/49
f 67/200/50 68/199/50 66/198/50 65/197/50
f 72/204/51 67/203/51 65/202/51 70/201/51
f 71/208/52 72/207/52 70/206/52 69/205/52
f 70/212/53 65/211/53 66/210/53 69/209/53
f 71/216/54 68/215/54 67/214/54 72/213/54
o right_pants
v 0.328125 0.328125 0.203125
v 0.328125 0.328125 -0.078125
v 0.328125 -0.453125 0.203125
v 0.328125 -0.453125 -0.078125
v 0.046875 0.328125 -0.078125
v 0.046875 0.328125 0.203125
v 0.046875 -0.453125 -0.078125
v 0.046875 -0.453125 0.203125
vt 0.0625 0.4375
vt 0.125 0.4375
vt 0.125 0.25
vt 0.0625 0.25
vt 0 0.4375
vt 0.0625 0.4375
vt 0.0625 0.25
vt 0 0.25
vt 0.1875 0.4375
vt 0.25 0.4375
vt 0.25 0.25
vt 0.1875 0.25
vt 0.125 0.4375
vt 0.1875 0.4375
vt 0.1875 0.25
vt 0.125 0.25
vt 0.125 0.4375
vt 0.0625 0.4375
vt 0.0625 0.5
vt 0.125 0.5
vt 0.1875 0.5
vt 0.125 0.5
vt 0.125 0.4375
vt 0.1875 0.4375
vn 0 0 -1
vn 1 0 0
vn 0 0 1
vn -1 0 0
vn 0 1 0
vn 0 -1 0
usemtl m_711baa8b-e285-70ee-fc17-d4397ecf5eae
f 76/220/55 79/219/55 77/218/55 74/217/55
f 75/224/56 76/223/56 74/222/56 73/221/56
f 80/228/57 75/227/57 73/226/57 78/225/57
f 79/232/58 80/231/58 78/230/58 77/229/58
f 78/236/59 73/235/59 74/234/59 77/233/59
f 79/240/60 76/239/60 75/238/60 80/237/60
o left_leg
v 0 0.4179061276083824 0.2635598268165268
v 0 0.2835812255216765 0.05271196536330536
v 0 -0.21463745675128182 0.6665345330766446
v 0 -0.34896235883798776 0.45568667162342325
v -0.25 0.2835812255216765 0.05271196536330536
v -0.25 0.4179061276083824 0.2635598268165268
v -0.25 -0.34896235883798776 0.45568667162342325
v -0.25 -0.21463745675128182 0.6665345330766446
vt 0.3125 0.1875
vt 0.375 0.1875
vt 0.375 0
vt 0.3125 0
vt 0.25 0.1875
vt 0.3125 0.1875
vt 0.3125 0
vt 0.25 0
vt 0.4375 0.1875
vt 0.5 0.1875
vt 0.5 0
vt 0.4375 0
vt 0.375 0.1875
vt 0.4375 0.1875
vt 0.4375 0
vt 0.375 0
vt 0.375 0.1875
vt 0.3125 0.1875
vt 0.3125 0.25
vt 0.375 0.25
vt 0.4375 0.25
vt 0.375 0.25
vt 0.375 0.1875
vt 0.4375 0.1875
vn 0 -0.5372996083468239 -0.8433914458128857
vn 1 0 0
vn 0 0.5372996083468239 0.8433914458128857
vn -1 0 0
vn 0 0.8433914458128857 -0.5372996083468239
vn 0 -0.8433914458128857 0.5372996083468239
usemtl m_711baa8b-e285-70ee-fc17-d4397ecf5eae
f 84/244/61 87/243/61 85/242/61 82/241/61
f 83/248/62 84/247/62 82/246/62 81/245/62
f 88/252/63 83/251/63 81/250/63 86/249/63
f 87/256/64 88/255/64 86/254/64 85/253/64
f 86/260/65 81/259/65 82/258/65 85/257/65
f 87/264/66 84/263/66 83/262/66 88/261/66
o left_pants
v 0.015625 0.4394794253296279 0.268342511776934
v 0.015625 0.28836391048208365 0.03113866764205986
v 0.015625 -0.21942014171168905 0.6881078307978901
v 0.015625 -0.37053565655923326 0.450903986663016
v -0.265625 0.28836391048208365 0.03113866764205986
v -0.265625 0.4394794253296279 0.268342511776934
v -0.265625 -0.37053565655923326 0.450903986663016
v -0.265625 -0.21942014171168905 0.6881078307978901
vt 0.0625 0.1875
vt 0.125 0.1875
vt 0.125 0
vt 0.0625 0
vt 0 0.1875
vt 0.0625 0.1875
vt 0.0625 0
vt 0 0
vt 0.1875 0.1875
vt 0.25 0.1875
vt 0.25 0
vt 0.1875 0
vt 0.125 0.1875
vt 0.1875 0.1875
vt 0.1875 0
vt 0.125 0
vt 0.125 0.1875
vt 0.0625 0.1875
vt 0.0625 0.25
vt 0.125 0.25
vt 0.1875 0.25
vt 0.125 0.25
vt 0.125 0.1875
vt 0.1875 0.1875
vn 0 -0.5372996083468239 -0.8433914458128857
vn 1 0 0
vn 0 0.5372996083468239 0.8433914458128857
vn -1 0 0
vn 0 0.8433914458128857 -0.5372996083468239
vn 0 -0.8433914458128857 0.5372996083468239
usemtl m_711baa8b-e285-70ee-fc17-d4397ecf5eae
f 92/268/67 95/267/67 93/266/67 90/265/67
f 91/272/68 92/271/68 90/270/68 89/269/68
f 96/276/69 91/275/69 89/274/69 94/273/69
f 95/280/70 96/279/70 94/278/70 93/277/70
f 94/284/71 89/283/71 90/282/71 93/281/71
f 95/288/72 92/287/72 91/286/72 96/285/72
o cape
v -0.35343584300051134 0.781450993342073 -0.1091426350444431
v -0.36928213627305206 0.837131668201412 -0.08558828434803911
v -0.07179551608900298 0.47671648648914655 0.8007010914219661
v -0.0876418093615437 0.5323971613484857 0.8242554421183701
v 0.20910322522590008 1.0476467237223277 -0.19411839538987063
v 0.2249495184984408 0.9919660488629887 -0.21767274608627463
v 0.4907435521374084 0.7429122168694013 0.7157253310765386
v 0.5065898454099491 0.6872315420100623 0.6921709803801346
vt 0.171875 0.96875
vt 0.015625 0.96875
vt 0.015625 0.46875
vt 0.171875 0.46875
vt 0.015625 0.96875
vt 0 0.96875
vt 0 0.46875
vt 0.015625 0.46875
vt 0.34375 0.96875
vt 0.1875 0.96875
vt 0.1875 0.46875
vt 0.34375 0.46875
vt 0.1875 0.96875
vt 0.171875 0.96875
vt 0.171875 0.46875
vt 0.1875 0.46875
vt 0.015625 0.96875
vt 0.171875 0.96875
vt 0.171875 1
vt 0.015625 1
vt 0.171875 1
vt 0.328125 1
vt 0.328125 0.96875
vt 0.171875 0.96875
vn -0.2535406923606514 0.8908907977494266 0.3768696111424636
vn -0.9254165783983235 -0.3368240888334652 0.17364817766693044
vn 0.2535406923606514 -0.8908907977494266 -0.3768696111424636
vn 0.9254165783983235 0.3368240888334652 -0.17364817766693044
vn -0.2816403269115084 0.3047345068529264 -0.9098437264664095
vn 0.2816403269115084 -0.3047345068529264 0.9098437264664095
usemtl m_1c5dd7b9-aaec-32b8-0069-52df28f08762
f 100/292/73 103/291/73 101/290/73 98/289/73
f 99/296/74 100/295/74 98/294/74 97/293/74
f 104/300/75 99/299/75 97/298/75 102/297/75
f 103/304/76 104/303/76 102/302/76 101/301/76
f 102/308/77 97/307/77 98/306/77 101/305/77
f 103/312/78 100/311/78 99/310/78 104/309/78
